
True
48
57
3
5
5
2
2
5
8
8
108
108
24
28
28
0
0
5
2
2
4
4
2
48
48
27
27
58
18
18
6
6
3
6
6
2
2
38
79
79
72
19
19
6
6
5
3
3
0
0
55
74
74
40
40
23
7
7
4
4
3
3
3
69
69
34
36
36
19
19
6
3
3
0
0
3
51
51
68
33
33
23
23
7
5
5
3
3
3
33
33
39
39
26
45
45
6
6
3
3
3
33
33
60
60
28
36
36
4
4
4
2
2
2
2
31
60
60
35
35
57
3
3
4
4
4
4
4
15
15
50
48
48
39
5
5
6
6
3
2
2
6
6
86
5
5
16
16
6
3
3
4
4
4
2
2
1
1
14
23
23
74
74
14
5
5
3
3
0
1
1
9
9
1
1
1
3
3
0
4
4
1
3
3
15
1
1
0
0
4
3
3
3
3
2
2
2
8
8
1
7
7
20
5
5
3
3
0
1
1
5
5
0
1
1
0
0
2
2
2
1
1
2
13
13
13
13
1
0
0
1
1
3
4
4
0
0
10
7
7
3
3
7
3
3
1
1
2
3
3
1
1
12
3
3
0
1
1
0
0
3
0
0
1
1
7
1
1
5
5
1
0
0
3
3
0
2
2
5
5
2
7
7
3
1
1
3
3
1
0
0
5
5
1
4
4
3
3
1
5
5
2
2
1
17
17
3
3
5
3
3
2
2
2
1
1
0
0
18
2
2
3
1
1
0
0
3
0
0
0
0
11
1
1
3
3
0
0
0
3
0
0
0
0
10
0
0
1
1
1
1
1
4
4
2
2
2
6
6
0
3
3
0
0
2
3
3
2
2
2
7
7
4
0
0
1
1
0
0
0
3
3
0
5
5
4
4
4
3
3
1
2
2
4
4
0
4
4
5
5
2
6
6
3
3
0
1
1
0
0
1
7
7
1
6
6
4
4
1
3
3
1
1
1
9
9
3
3
6
3
3
1
1
3
3
3
1
13
13
3
3
2
0
0
1
1
3
1
1
2
2
19
1
1
2
2
1
1
1
3
3
0
0
0
12
3
3
0
0
3
6
6
4
4
2
0
0
18
18
0
1
1
3
3
1
5
5
2
2
0
10
10
2
2
2
0
0
1
3
3
3
3
1
15
15
0
0
0
0
0
1
1
3
3
3
2
2
6
2
2
3
3
1
2
2
3
3
3
3
3
8
8
18
3
3
1
0
0
1
1
3
0
0
5
5
17
5
5
2
2
0
2
2
3
3
2
6
6
9
9
3
1
1
3
3
0
2
2
1
2
2
7
7
2
5
5
4
4
1
4
4
0
0
1
7
7
1
8
8
4
4
0
3
3
2
2
1
16
16
3
3
2
4
4
0
0
2
3
3
0
0
20
3
3
3
0
0
1
1
2
3
3
0
0
21
2
2
0
0
0
1
1
3
3
1
1
1
12
12
1
0
0
3
3
0
3
3
2
2
0
11
11
0
1
1
0
0
1
4
4
5
5
1
8
8
2
2
0
0
0
1
2
2
3
3
0
8
8
4
4
4
0
0
1
1
0
2
2
0
0
5
13
13
3
3
4
1
1
0
1
1
0
0
4
16
16
3
3
2
0
0
0
0
3
0
0
3
3
3
1
1
2
2
0
0
0
3
3
0
2
2
6
3
3
8
8
2
0
0
2
2
1
0
0
10
10
1
4
4
4
4
1
5
5
1
1
2
18
18
2
2
3
3
3
0
4
4
1
1
1
18
18
2
2
0
0
0
0
0
2
2
2
0
0
15
0
0
0
0
0
0
0
3
1
1
0
0
8
0
0
0
0
0
0
0
3
3
1
0
0
4
4
0
1
1
1
1
0
3
3
3
3
1
6
6
5
3
3
0
0
0
1
1
4
4
2
8
8
5
5
4
3
3
2
2
1
5
5
0
0
5
16
16
3
3
4
3
3
2
2
2
0
0
0
12
12
4
4
5
2
2
2
2
1
1
1
2
2
9
2
2
4
4
2
1
1
5
1
1
0
0
10
1
1
0
0
1
2
2
0
0
0
0
0
0
0
0
0
0
0
0
0
0
0
0
0
0
0
0
0
0
0
0
0
0
0
0
0
0
0
0
0
0
0
0
0
0
0
0
0
0
0
0
0
0
0
0
0
0
0
0
0
0
0
0
0
0
0
0
0
0
0
0
0
0
0
0
0
0
0
0
0
0
0
0
0
0
0
0
0
0
0
0
0
0
0
0
0
0
0
0
0
0
0
0
0
0
0
0

