285
137
247
84
52
123
123
115
280
323
323
376
171
489
489
241
454
561
360
360
880
352
1080
1080
445
995
735
735
1086
1051
895
895
1258
1049
1375
1375
1172
1338
1447
1404
1404
1359
1320
1374
1187
1187
1353
1007
1185
1185
990
993
1013
1013
642
1038
331
878
472
472
810
490
378
378
473
231
443
443
294
364
108
108
320
255
239
263
263
159
246
220
220
349
178
245
489
489
285
749
209
209
796
345
826
826
622
899
905
905
658
1214
940
1388
1093
1217
1198
1436
1436
1503
1457
1339
1339
1268
1366
1148
1148
1217
1188
904
904
1153
853
1114
602
602
1100
651
756
756
670
560
567
567
319
478
380
380
427
381
299
299
355
335
36
243
243
210
102
413
413
292
70
265
265
254
458
29
697
697
356
673
632
632
685
914
676
676
1225
775
1217
855
855
1136
1161
1252
1252
1214
1334
1341
1341
1333
1453
1326
1326
1227
1311
1106
1106
1284
1079
1245
1245
712
1294
777
777
902
772
699
909
909
263
806
232
232
625
236
474
169
169
135
177
149
149
384
193
245
245
219
187
117
156
156
375
136
619
619
218
569
412
412
566
733
426
1069
1069
529
1171
688
688
1138
933
945
945
1329
1136
1256
1248
1248
1412
1428
1414
1414
1371
1387
1439
1439
1108
1432
908
1264
1264
854
1079
805
805
699
1134
450
1080
1080
248
778
412
412
557
429
239
239
432
235
258
258
291
417
135
135
25
116
59
59
287
236
377
221
221
328
417
377
377
566
330
892
892
280
878
557
980
980
727
767
1103
1103
834
1175
925
925
1385
1090
1249
1340
1340
1281
1515
1359
1359
1345
1174
1280
1280
963
1226
962
840
840
1257
702
1148
1148
397
824
450
666
666
498
401
648
648
224
486
295
295
281
303
223
223
115
33
113
133
133
323
186
230
230
220
230
411
411
104
709
328
689
689
414
736
797
797
751
931
641
641
1288
895
1190
881
881
1127
1341
1217
1217
1434
1414
1479
1397
1397
1442
1176
1120
1120
1228
1057
1193
1193
754
1145
595
595
1070
727
870
684
684
486
692
169
169
652
82
551
551
134
128
255
255
318
232
93
93
102
45
188
187
187
346
315
177
177
566
394
577
335
335
647
606
443
443
976
447
1026
591
591
1208
776
978
978
1100
1095
1411
1411
1079
1499
1370
1323
1323
1361
1299
1258
1258
1183
1333
1012
1012
1300
820
1067
908
908
883
850
528
528
1014
381
879
295
295
692
319
273
273
352
22
278
278
297
184
130
130
50
214
90
230
230
245
147
163
163
331
216
326
464
464
272
661
351
351
1033
445
864
864
657
854
939
939
888
1315
1031
1443
1443
1152
1365
1403
1403
1517
1418
1360
1360
1502
1258
1495
937
937
1285
913
1042
1173
1173
689
1080
458
458
1047
336
687
687
497
496
536
536
192
371
214
214
261
165
31
31
123
145
160
239
239
359
251
207
207
265
145
471
471
143
617
268
718
718
364
904
619
619
829
850
734
734
1250
684
1293
1293
1014
1318
1160
1121
1121
1434
1346
1493
1493
1241
1520
1164
1243
1243
1181
1204
1280
1280
934
1159
704
704
1174
578
780
780
747
493
742
324
324
797
268
503
503
84
339
126
391
391
252
231
108
108
231
265
258
180
180
291
250
498
498
302
503
179
179
711
390
548
749
749
477
972
458
458
1100
784
1163
1163
1132
990
1193
1193
1099
1305
1340
1340
1388
1502
1342
1342
1286
1280
1281
1123
1123
1435
798
1216
1216
664
928
851
851
580
932
290
890
890
270
816
214
214
527
365
243
243
218
139
133
133
272
87
29
184
184
180
247
156
156
249
512
403
403
580
347
349
579
579
309
946
412
412
958
578
936
936
937
1049
1259
1028
1028
1417
1108
1329
1229
1229
1480
1486
1465
1465
1451
1186
1412
1412
1030
1297
966
1199
1199
1067
866
1096
1096
555
946
449
449
846
538
563
547
547
239
367
275
275
274
273
220
322
322
217
249
46
46
116
54
102
102
237
442
339
386
386
586
280
824
824
350
844
375
375
904
767
828
948
948
673
1155
739
739
1315
1103
1284
1421
1421
1475
1432
1475
1475
1428
1351
1377
1377
1030
1172
1232
919
919
1277
609
1286
1286
662
973
534
534
782
548
402
718
718
112
611
611
57
442
113
113
85
218
232
128
128
226
276
102
390
390
76
180
285
285
236
457
244
244
626
244
769
769
554
709
874
874
566
1214
695
695
1236
807
1194
1278
1278
1253
1395
1406
1406
1477
1482
1531
1531
1421
1234
1292
1292
994
1249
837
1201
1201
678
1144
766
766
858
862
538
538
903
395
811
314
314
593
214
344
344
171
220
181
181
200
118
572
325
325
200
238
126
126
194
397
285
620
620
136
614
464
464
526
760
350
350
1088
525
1108
858
858
1020
1150
1012
1012
1291
1026
1412
1412
1203
1346
1447
1447
1481
1317
1239
1488
1488
1073
1401
896
896
1299
905
1048
1048
956
713
1054
366
366
887
424
691
691
316
387
548
548
257
302
230
339
339
281
130
225
225
101
86
217
105
105
0
0
0
0
0
0
0
0
0
0
0
0
0
0
0
0
0
0
0
0
0
0
0
0
0
0
0
0
0
0
0
0
0
0
0
0
0
0
0
0
0
0
0
0
0
0
0
0
0
0
0
0
0
0
0
0
0
0
0
0
0
0
0
0
0
0
0
0
0
0
0
0
0
0
0
0
0
0
0
0
0
0
0
0
0
0
0
0
0
0
0
0
0
0
0
0
0
0
0
0
